[14, 16]
[28, 32]
[42, 48]
[56, 64]
[70, 80]
[84, 96]
[98, 112]
[112, 128]
[126, 144]
[140, 160]
[140, 176]
[140, 176]
[140, 176]
[140, 176]
[140, 176]
[140, 176]
[140, 176]
[140, 176]
[140, 176]
[140, 176]
[140, 176]
[140, 176]
[140, 176]
[140, 176]
[140, 176]
[140, 176]
[140, 176]
[140, 176]
[140, 176]
[140, 176]
[140, 176]
[140, 176]
[140, 176]
[140, 176]
[140, 176]
[140, 176]
[140, 176]
[140, 176]
[140, 176]
[140, 176]
[140, 176]
[140, 176]
[140, 176]
[140, 176]
[140, 176]
[140, 176]
[140, 176]
[140, 176]
[140, 176]
[140, 176]
[140, 176]
[140, 176]
[140, 176]
[140, 176]
[140, 176]
[140, 176]
[140, 176]
[140, 176]
[140, 176]
[140, 176]
[140, 176]
[140, 176]
[140, 176]
[140, 176]
[140, 176]
[140, 176]
[140, 176]
[140, 176]
[140, 176]
[140, 176]
[140, 176]
[140, 176]
[140, 176]
[140, 176]
[140, 176]
[140, 176]
[140, 176]
[140, 176]
[140, 176]
[140, 176]
[140, 176]
[140, 176]
[140, 176]
[140, 176]
[140, 176]
[140, 176]
[140, 176]
[140, 176]
[140, 176]
[140, 176]
[140, 176]
[140, 176]
[140, 176]
[140, 176]
[140, 176]
[140, 176]
[140, 176]
[140, 176]
[140, 176]
[140, 176]
[140, 176]
[140, 176]
[140, 176]
[140, 176]
[140, 176]
[140, 176]
[140, 176]
[140, 176]
[140, 176]
[140, 176]
[140, 176]
[140, 176]
[140, 176]
[140, 176]
[140, 176]
[140, 176]
[140, 176]
[140, 176]
[140, 176]
[140, 176]
[140, 176]
[140, 176]
[140, 176]
[140, 176]
[140, 176]
[140, 176]
[140, 176]
[140, 176]
[140, 176]
[140, 176]
[140, 176]
[140, 176]
[140, 176]
[140, 176]
[140, 176]
[140, 176]
[140, 176]
[154, 176]
[168, 176]
[182, 176]
[196, 176]
[210, 176]
[224, 176]
[238, 176]
[252, 176]
[266, 176]
[280, 176]
[280, 176]
[280, 176]
[280, 176]
[280, 176]
[280, 176]
[280, 176]
[280, 176]
[280, 176]
[280, 176]
[280, 176]
[280, 176]
[280, 176]
[280, 176]
[280, 176]
[280, 176]
[280, 176]
[280, 176]
[280, 176]
[280, 176]
[280, 176]
[280, 176]
[280, 176]
[280, 176]
[280, 176]
[280, 176]
[280, 176]
[280, 192]
[280, 208]
[280, 224]
[280, 240]
[280, 256]
[280, 272]
[280, 288]
[280, 304]
[280, 320]
[280, 336]
[280, 352]
[280, 352]
[280, 352]
[280, 352]
[280, 352]
[280, 352]
[280, 352]
[280, 352]
[280, 352]
[280, 352]
[280, 352]
[280, 352]
[280, 352]
[280, 352]
[280, 352]
[280, 352]
[280, 352]
[280, 352]
[280, 352]
[280, 352]
[280, 352]
[280, 352]
[280, 352]
[280, 352]
[280, 352]
[280, 352]
[280, 352]
[280, 352]
[280, 352]
[280, 352]
[280, 352]
[280, 352]
[280, 352]
[280, 352]
[280, 352]
[280, 352]
[280, 352]
[280, 352]
[280, 352]
[280, 352]
[280, 352]
[280, 352]
[280, 352]
[280, 352]
[280, 352]
[280, 352]
[280, 352]
[280, 352]
[280, 352]
[280, 352]
[280, 352]
[280, 352]
[280, 352]
[280, 352]
[280, 352]
[280, 352]
[280, 352]
[280, 352]
[280, 352]
[280, 352]
[280, 352]
[280, 352]
[280, 352]
[280, 352]
[280, 352]
[280, 352]
[280, 352]
[280, 352]
[280, 352]
[280, 352]
[280, 352]
[280, 352]
[280, 352]
[280, 352]
[280, 352]
[280, 352]
[280, 352]
[280, 352]
[280, 352]
[280, 352]
[280, 352]
[280, 352]
[280, 352]
[280, 352]
[280, 352]
[280, 352]
[280, 352]
[280, 352]
[280, 352]
[280, 352]
[280, 352]
[294, 352]
[308, 352]
[322, 352]
[336, 352]
[350, 352]
[364, 352]
[378, 352]
[392, 352]
[406, 352]
[420, 352]
[420, 352]
[420, 352]
[420, 352]
[420, 352]
[420, 352]
[420, 352]
[420, 352]
[420, 352]
[420, 352]
[420, 352]
[420, 352]
[420, 352]
[420, 352]
[420, 352]
[420, 352]
[420, 352]
[420, 352]
[420, 352]
[420, 352]
[420, 352]
[420, 352]
[420, 352]
[420, 352]
[420, 352]
[420, 352]
[420, 352]
[420, 352]
[420, 352]
[420, 352]
[420, 352]
[420, 352]
[420, 352]
[420, 352]
[420, 352]
[420, 352]
[420, 352]
[420, 352]
[420, 352]
[420, 352]
[420, 352]
[420, 352]
[420, 352]
[420, 352]
[420, 352]
[420, 352]
[420, 352]
[420, 352]
[420, 352]
[420, 352]
[420, 352]
[420, 352]
[420, 352]
[420, 352]
[420, 352]
[420, 352]
[420, 352]
[420, 352]
[420, 352]
[420, 352]
[420, 352]
[420, 352]
[420, 352]
[420, 368]
[420, 384]
[420, 400]
[420, 416]
[420, 432]
[420, 448]
[420, 464]
[420, 480]
[420, 496]
[420, 512]
[420, 528]
[420, 528]
[420, 528]
[420, 528]
[420, 528]
[420, 528]
[420, 528]
[420, 528]
[420, 528]
[420, 528]
[420, 528]
[420, 528]
[420, 528]
[420, 528]
[420, 528]
[420, 528]
[420, 528]
[420, 528]
[420, 528]
[420, 528]
[420, 528]
[420, 528]
[420, 528]
[420, 528]
[420, 528]
[420, 528]
[420, 528]
[420, 528]
[420, 528]
[420, 528]
[420, 528]
[420, 528]
[420, 528]
[420, 528]
[420, 528]
[420, 528]
[420, 528]
[420, 528]
[420, 528]
[420, 528]
[420, 528]
[420, 528]
[420, 528]
[420, 528]
[420, 528]
[420, 528]
[420, 528]
[420, 528]
[420, 528]
[420, 528]
[420, 528]
[420, 528]
[420, 528]
[420, 528]
[420, 528]
[434, 528]
[448, 528]
[462, 528]
[476, 528]
[490, 528]
[504, 528]
[518, 528]
[532, 528]
[546, 528]
[560, 528]
[560, 528]
[560, 528]
[560, 528]
[560, 528]
[560, 528]
[560, 528]
[560, 528]
[560, 528]
[560, 528]
[560, 528]
[560, 528]
[560, 528]
[560, 528]
[560, 528]
[560, 528]
[560, 528]
[560, 528]
[560, 528]
[560, 528]
[560, 528]
[560, 528]
[560, 528]
[560, 528]
[560, 528]
[560, 528]
[560, 528]
[560, 528]
[560, 528]
[560, 528]
[560, 528]
[560, 528]
[560, 528]
[560, 528]
[560, 528]
[560, 528]
[560, 528]
[560, 528]
[560, 528]
[560, 528]
[560, 528]
[560, 528]
[560, 528]
[560, 528]
[560, 528]
[560, 528]
[560, 528]
[560, 528]
[560, 528]
[560, 528]
[560, 528]
[560, 528]
[560, 528]
[560, 528]
[560, 528]
[560, 528]
[560, 528]
[560, 528]
[560, 528]
[560, 528]
[560, 528]
[560, 528]
[560, 528]
[560, 528]
[560, 528]
[560, 528]
[560, 528]
[560, 528]
[560, 528]
[560, 528]
[560, 528]
[560, 528]
[560, 528]
[560, 528]
[560, 528]
[560, 528]
[560, 528]
[560, 528]
[560, 528]
[560, 528]
[560, 528]
[560, 528]
[560, 528]
[560, 528]
[560, 528]
[560, 528]
[560, 528]
[560, 528]
[560, 528]
[560, 528]
[560, 528]
[560, 528]
[560, 528]
[560, 528]
[560, 528]
[560, 528]
[560, 528]
[560, 528]
[560, 528]
[560, 544]
[560, 560]
[560, 576]
[560, 592]
[560, 608]
[560, 624]
[560, 640]
[560, 656]
[560, 672]
[560, 688]
[560, 704]
[560, 704]
[560, 704]
[560, 704]
[560, 704]
[560, 704]
[560, 704]
[560, 704]
[560, 704]
[560, 704]
[560, 704]
[560, 704]
[560, 704]
[560, 704]
[560, 704]
[560, 704]
[560, 704]
[560, 704]
[560, 704]
[574, 704]
[588, 704]
[602, 704]
[616, 704]
[630, 704]
[644, 704]
[658, 704]
[672, 704]
[686, 704]
[700, 704]
[700, 704]
[700, 704]
[700, 704]
[700, 704]
[700, 704]
[700, 704]
[700, 704]
[700, 704]
[700, 704]
[700, 704]
[700, 704]
[700, 704]
[700, 704]
[700, 704]
[700, 704]
[700, 704]
[700, 704]
[700, 704]
[700, 704]
[700, 704]
[700, 704]
[700, 704]
[700, 704]
[700, 704]
[700, 704]
[700, 704]
[700, 704]
[700, 704]
[700, 704]
[700, 704]
[700, 704]
[700, 704]
[700, 704]
[700, 704]
[700, 704]
[700, 704]
[700, 704]
[700, 704]
[700, 704]
[700, 704]
[700, 704]
[700, 704]
[700, 704]
[700, 704]
[700, 704]
[700, 704]
[700, 704]
[700, 704]
[700, 704]
[700, 704]
[700, 704]
[700, 704]
[700, 704]
[700, 704]
[700, 704]
[700, 704]
[700, 704]
[700, 704]
[700, 704]
[700, 704]
[700, 704]
[700, 704]
[700, 704]
[700, 704]
[700, 704]
[700, 704]
[700, 704]
[700, 704]
[700, 704]
[700, 704]
[700, 704]
[700, 704]
[700, 704]
[700, 704]
[700, 704]
[700, 704]
[700, 704]
[700, 704]
[700, 704]
[700, 704]
[700, 704]
[700, 704]
[700, 704]
[700, 704]
[700, 704]
[700, 704]
[700, 704]
[700, 704]
[700, 704]
[700, 704]
[700, 704]
[700, 704]
[700, 704]
[700, 704]
[700, 704]
[700, 704]
[700, 704]
[700, 704]
[700, 704]
[700, 704]
[700, 704]
[700, 704]
[700, 704]
[700, 704]
[700, 704]
[700, 704]
[700, 704]
[700, 704]
[700, 704]
[700, 704]
[700, 704]
[700, 704]
[700, 704]
[700, 704]
[700, 704]
[700, 704]
[700, 704]
[700, 704]
[700, 704]
[700, 704]
[700, 704]
[700, 704]
[700, 704]
[700, 704]
[700, 704]
[700, 704]
[700, 704]
[714, 704]
[728, 704]
[742, 704]
[756, 704]
[770, 704]
[784, 704]
[798, 704]
[812, 720]
[826, 736]
[840, 752]
[840, 768]
[840, 784]
[840, 800]
[840, 816]
[840, 832]
[840, 848]
[840, 864]
[840, 880]
[840, 880]
[840, 880]
[840, 880]
[840, 880]
[840, 880]
[840, 880]
[840, 880]
[840, 880]
[840, 880]
[840, 880]
[840, 880]
[840, 880]
[840, 880]
[840, 880]
[840, 880]
[840, 880]
[840, 880]
[840, 880]
[840, 880]
[840, 880]
[840, 880]
[840, 880]
[840, 880]
[840, 880]
[840, 880]
[840, 880]
[840, 880]
[840, 880]
[840, 880]
[840, 880]
[840, 880]
[840, 880]
[840, 880]
[840, 880]
[840, 880]
[840, 880]
[840, 880]
[840, 880]
[840, 880]
[840, 880]
[840, 880]
[840, 880]
[840, 880]
[840, 880]
[840, 880]
[840, 880]
[840, 880]
[840, 880]
[840, 880]
[840, 880]
[840, 880]
[840, 880]
[840, 880]
[840, 880]
[840, 880]
[840, 880]
[840, 880]
[840, 880]
[840, 880]
[840, 880]
[840, 880]
[840, 880]
[840, 880]
[840, 880]
[840, 880]
[840, 880]
[840, 880]
[840, 880]
[840, 880]
[840, 880]
[840, 880]
[840, 880]
[840, 880]
[840, 880]
[840, 880]
[840, 880]
[840, 880]
[840, 880]
[840, 880]
[840, 880]
[840, 880]
[840, 880]
[840, 880]
[840, 880]
[840, 880]
[840, 880]
[840, 880]
[840, 880]
[840, 880]
[840, 880]
[840, 880]
[840, 880]
[840, 880]
[840, 880]
[840, 880]
[840, 880]
[840, 880]
[840, 880]
[840, 880]
[840, 880]
[840, 880]
[840, 880]
[840, 880]
[840, 880]
[840, 880]
[840, 880]
[840, 880]
[840, 880]
[840, 880]
[840, 880]
[840, 880]
[840, 880]
[840, 880]
[840, 880]
[840, 880]
[840, 880]
[840, 880]
[840, 880]
[840, 880]
[854, 880]
[868, 880]
[882, 880]
[896, 880]
[910, 880]
[924, 880]
[938, 880]
[952, 880]
[966, 880]
[980, 880]
[980, 880]
[980, 880]
[980, 880]
[980, 880]
[980, 880]
[980, 880]
[980, 880]
[980, 880]
[980, 880]
[980, 880]
[980, 880]
[980, 880]
[980, 880]
[980, 880]
[980, 880]
[980, 880]
[980, 880]
[980, 880]
[980, 880]
[980, 880]
[980, 880]
[980, 880]
[980, 880]
[980, 880]
[980, 880]
[980, 880]
[980, 880]
[980, 880]
[980, 880]
[980, 880]
[980, 880]
[980, 880]
[980, 880]
[980, 896]
[980, 912]
[980, 928]
[980, 944]
[980, 960]
[980, 976]
[980, 992]
[980, 1008]
[980, 1024]
[980, 1040]
[980, 1056]
[980, 1056]
[980, 1056]
[980, 1056]
[980, 1056]
[980, 1056]
[980, 1056]
[980, 1056]
[980, 1056]
[980, 1056]
[980, 1056]
[980, 1056]
[980, 1056]
[980, 1056]
[980, 1056]
[980, 1056]
[980, 1056]
[980, 1056]
[980, 1056]
[980, 1056]
[980, 1056]
[980, 1056]
[980, 1056]
[980, 1056]
[980, 1056]
[980, 1056]
[980, 1056]
[980, 1056]
[980, 1056]
[980, 1056]
[980, 1056]
[980, 1056]
[980, 1056]
[980, 1056]
[980, 1056]
[980, 1056]
[980, 1056]
[980, 1056]
[980, 1056]
[980, 1056]
[980, 1056]
[980, 1056]
[980, 1056]
[980, 1056]
[980, 1056]
[980, 1056]
[980, 1056]
[980, 1056]
[980, 1056]
[980, 1056]
[980, 1056]
[980, 1056]
[980, 1056]
[980, 1056]
[980, 1056]
[980, 1056]
[980, 1056]
[980, 1056]
[980, 1056]
[980, 1056]
[980, 1056]
[980, 1056]
[980, 1056]
[980, 1056]
[980, 1056]
[980, 1056]
[980, 1056]
[980, 1056]
[980, 1056]
[980, 1056]
[980, 1056]
[980, 1056]
[980, 1056]
[980, 1056]
[980, 1056]
[980, 1056]
[980, 1056]
[980, 1056]
[980, 1056]
[980, 1056]
[980, 1056]
[980, 1056]
[980, 1056]
[980, 1056]
[994, 1056]
[1008, 1056]
[1022, 1056]
[1036, 1056]
[1050, 1056]
[1064, 1056]
[1078, 1056]
[1092, 1056]
[1106, 1056]
[1120, 1056]
[1120, 1056]
[1120, 1056]
[1120, 1056]
[1120, 1056]
[1120, 1056]
[1120, 1056]
[1120, 1056]
[1120, 1056]
[1120, 1056]
[1120, 1056]
[1120, 1056]
[1120, 1056]
[1120, 1056]
[1120, 1056]
[1120, 1056]
[1120, 1056]
[1120, 1056]
[1120, 1056]
[1120, 1056]
[1120, 1056]
[1120, 1056]
[1120, 1056]
[1120, 1056]
[1120, 1056]
[1120, 1056]
[1120, 1056]
[1120, 1056]
[1120, 1056]
[1120, 1056]
[1120, 1056]
[1120, 1056]
[1120, 1056]
